[Variables]
idex_applied_offset = 1
idex_xcontrolpoint = 164.8299396708183
idex_xoffset = 0.4995740512197244
idex_ycontrolpoint = 428.8354265400922
idex_yoffset = 0.6780724884637266
idex_zcontrolpoint = -1.0225000000081634
idex_zoffset = -0.07906250001798298
idex_zoffsetcontrolpoint = -4.620000000001225
nozzle_expansion_applied_offset = 0
nozzle_expansion_coefficient_multiplier = 1.0
nozzle_expansion_coefficient_t0 = 0.07031249997866507
nozzle_expansion_coefficient_t1 = 0.08218749998173625
t0_filament = ('', '', 0)
t1_filament = ('', '', 0)

