[Variables]
idex_applied_offset = 0
idex_xcontrolpoint = 164.52805409417994
idex_xoffset = 0.04814660547461358
idex_ycontrolpoint = 428.0435590656111
idex_yoffset = 0.025120356931097376
idex_zcontrolpoint = -0.9296875000071538
idex_zoffset = -0.04343750003339952
idex_zoffsetcontrolpoint = -4.65562500001269
nozzle_expansion_applied_offset = 0
nozzle_expansion_coefficient_multiplier = 1.0
nozzle_expansion_coefficient_t0 = 0.07031249997866507
nozzle_expansion_coefficient_t1 = 0.08218749998173625
t0_filament = ('unknown', 'unknown', 220)
t1_filament = ('', '', 0)

