[Variables]
idex_applied_offset = 0
idex_xcontrolpoint = 164.8260998535766
idex_xoffset = 0.4860594303472112
idex_ycontrolpoint = 428.8033429309168
idex_yoffset = 0.6094935651381093
idex_zcontrolpoint = -1.2459375000094965
idex_zoffset = -0.0906250000549127
idex_zoffsetcontrolpoint = -5.028125000037875
nozzle_expansion_applied_offset = 0
nozzle_expansion_coefficient_multiplier = 1.0
nozzle_expansion_coefficient_t0 = 0.07031249997866507
nozzle_expansion_coefficient_t1 = 0.08218749998173625
t0_filament = ('', '', 0)
t1_filament = ('', '', 0)

