[Variables]
idex_applied_offset = 0
idex_xcontrolpoint = 164.20546710946815
idex_xoffset = -0.17544935409762275
idex_ycontrolpoint = 428.0035502918744
idex_yoffset = 0.04363205121472902
idex_zcontrolpoint = -1.3637499999298335
idex_zoffset = -0.04156249995513317
idex_zoffsetcontrolpoint = -5.001249999938233
nozzle_expansion_applied_offset = 0
nozzle_expansion_coefficient_multiplier = 1.0
nozzle_expansion_coefficient_t0 = 0.07249999998688139
nozzle_expansion_coefficient_t1 = 0.06
t0_filament = ('', '', 0)
t1_filament = ('', '', 0)

