[Variables]
idex_applied_offset = 1
idex_xcontrolpoint = 164.85956643258234
idex_xoffset = 0.3133498447885188
idex_ycontrolpoint = 428.7973353352213
idex_yoffset = 0.6907693953020839
idex_zcontrolpoint = -0.9434374999901805
idex_zoffset = -0.09468749998533799
idex_zoffsetcontrolpoint = -4.96312499997297
nozzle_expansion_applied_offset = 0
nozzle_expansion_coefficient_multiplier = 1.0
nozzle_expansion_coefficient_t0 = 0.07031249997866507
nozzle_expansion_coefficient_t1 = 0.08218749998173625
t0_filament = ('', '', 0)
t1_filament = ('', '', 0)

