[Variables]
idex_applied_offset = 0
idex_xcontrolpoint = 164.69262933202424
idex_xoffset = 0.3133498447885188
idex_ycontrolpoint = 428.69091248784537
idex_yoffset = 0.6907693953020839
idex_zcontrolpoint = -0.7334374999711859
idex_zoffset = -0.08749999996168967
idex_zoffsetcontrolpoint = -4.9487499999442575
nozzle_expansion_applied_offset = 0.08437499997439808
nozzle_expansion_coefficient_multiplier = 1.0
nozzle_expansion_coefficient_t0 = 0.07031249997866507
nozzle_expansion_coefficient_t1 = 0.08218749998173625
t0_filament = ('', '', 0)
t1_filament = ('', '', 0)

