[Variables]
idex_applied_offset = 0
idex_xcontrolpoint = 164.25173272328638
idex_xoffset = -0.0711738122738268
idex_ycontrolpoint = 428.26754673221984
idex_yoffset = 0.0041869391009186074
idex_zcontrolpoint = -0.9296875000071538
idex_zoffset = -0.04343750003339952
idex_zoffsetcontrolpoint = -4.65562500001269
nozzle_expansion_applied_offset = 0.08437499997439808
nozzle_expansion_coefficient_multiplier = 1.0
nozzle_expansion_coefficient_t0 = 0.07031249997866507
nozzle_expansion_coefficient_t1 = 0.08218749998173625
t0_filament = ('unknown', 'unknown', 220)
t1_filament = ('', '', 0)

