[Variables]
idex_applied_offset = 0
idex_xcontrolpoint = 164.18265238056298
idex_xoffset = -0.07117381227385522
idex_ycontrolpoint = 428.32406705618695
idex_yoffset = 0.037680056268754925
idex_zcontrolpoint = -0.9771874999760652
idex_zoffset = -0.04749999996891141
idex_zoffsetcontrolpoint = -4.711874999950604
nozzle_expansion_applied_offset = 0
nozzle_expansion_coefficient_multiplier = 1.0
nozzle_expansion_coefficient_t0 = 0.07031249997866507
nozzle_expansion_coefficient_t1 = 0.08218749998173625
t0_filament = ('', '', 0)
t1_filament = ('', '', 0)

