[Variables]
idex_xcontrolpoint = 164.8366424009399
idex_xoffset = 0.7345794392523146
idex_ycontrolpoint = 429.0140186915887
idex_yoffset = 0.6392523364485783
idex_zcontrolpoint = -1.0412500000004816
idex_zoffset = -0.05000000000049276
idex_zoffsetcontrolpoint = -4.88749999998198
nozzle_expansion_coefficient_t0 = 0.02000000000040192
nozzle_expansion_coefficient_t1 = 0.05250000000027466

