[Variables]
idex_applied_offset = 0
idex_xcontrolpoint = 20.0
idex_xoffset = -0.17544935409762275
idex_ycontrolpoint = 340.0
idex_yoffset = 0.04363205121472902
idex_zcontrolpoint = 2.01564189352239
idex_zoffset = -0.08031250006394863
idex_zoffsetcontrolpoint = -5.178125000044465
nozzle_expansion_applied_offset = 0
nozzle_expansion_coefficient_multiplier = 1.0
nozzle_expansion_coefficient_t0 = 0.07031249997866507
nozzle_expansion_coefficient_t1 = 0.08218749998173625
t0_filament = ('', '', 0)
t1_filament = ('', '', 0)

