[Variables]
idex_applied_offset = 0
idex_xcontrolpoint = 164.52805409417994
idex_xoffset = 0.04814660547461358
idex_ycontrolpoint = 428.0435590656111
idex_yoffset = 0.025120356931097376
idex_zcontrolpoint = -0.8862499999737543
idex_zoffset = -0.047812499987381685
idex_zoffsetcontrolpoint = -4.802499999979027
nozzle_expansion_applied_offset = 0
nozzle_expansion_coefficient_multiplier = 1.0
nozzle_expansion_coefficient_t0 = 0.07031249997866507
nozzle_expansion_coefficient_t1 = 0.08218749998173625
t0_filament = ('unknown', 'unknown', 220)
t1_filament = ('', '', 0)

