[Variables]
idex_applied_offset = 0
idex_xcontrolpoint = 164.23477376666298
idex_xoffset = -0.2382496075882159
idex_ycontrolpoint = 428.1061243906028
idex_yoffset = 0.10852513541857434
idex_zcontrolpoint = -1.3637499999298335
idex_zoffset = -0.04156249995513317
idex_zoffsetcontrolpoint = -5.001249999938233
nozzle_expansion_applied_offset = 0
nozzle_expansion_coefficient_multiplier = 1.0
nozzle_expansion_coefficient_t0 = 0.06
nozzle_expansion_coefficient_t1 = 0.06
t0_filament = ('', '', 0)
t1_filament = ('', '', 0)

