[Variables]
idex_applied_offset = 0
idex_xcontrolpoint = 164.16778689349005
idex_xoffset = -0.31988980935855693
idex_ycontrolpoint = 428.018204259309
idex_yoffset = 0.12317846401600718
idex_zcontrolpoint = -1.3637499999298335
idex_zoffset = -0.040000000053206364
idex_zoffsetcontrolpoint = -4.929062500064068
nozzle_expansion_applied_offset = 0
nozzle_expansion_coefficient_multiplier = 1.0
nozzle_expansion_coefficient_t0 = 0.06
nozzle_expansion_coefficient_t1 = 0.06
t0_filament = ('', '', 0)
t1_filament = ('', '', 0)

