[Variables]
idex_applied_offset = 1
idex_xcontrolpoint = 164.69262933202424
idex_xoffset = 0.3133498447885188
idex_ycontrolpoint = 428.69091248784537
idex_yoffset = 0.6907693953020839
idex_zcontrolpoint = -0.9434374999901805
idex_zoffset = -0.10093749997513424
idex_zoffsetcontrolpoint = -5.105937500035171
nozzle_expansion_applied_offset = 0
nozzle_expansion_coefficient_multiplier = 1.0
nozzle_expansion_coefficient_t0 = 0.07031249997866507
nozzle_expansion_coefficient_t1 = 0.08218749998173625
t0_filament = ('', '', 0)
t1_filament = ('', '', 0)

