[Variables]
idex_applied_offset = 1
idex_xcontrolpoint = 164.69262933202424
idex_xoffset = 0.43718282860686486
idex_ycontrolpoint = 428.76198567397745
idex_yoffset = 0.5944550189583993
idex_zcontrolpoint = -1.2459375000094965
idex_zoffset = -0.0906250000549127
idex_zoffsetcontrolpoint = -5.028125000037875
nozzle_expansion_applied_offset = 0.0986249999780835
nozzle_expansion_coefficient_multiplier = 1.0
nozzle_expansion_coefficient_t0 = 0.07031249997866507
nozzle_expansion_coefficient_t1 = 0.08218749998173625
t0_filament = ('', '', 0)
t1_filament = ('', '', 0)

