[Variables]
idex_applied_offset = 1
idex_xcontrolpoint = 164.4978184564836
idex_xoffset = -0.1042755418237391
idex_ycontrolpoint = 427.9236781021406
idex_yoffset = -0.11127575179853011
idex_zcontrolpoint = -1.3637499999298335
idex_zoffset = -0.0412499999294873
idex_zoffsetcontrolpoint = -5.025312499912732
nozzle_expansion_applied_offset = 0.06899999999999999
nozzle_expansion_coefficient_multiplier = 1.0
nozzle_expansion_coefficient_t0 = 0.06
nozzle_expansion_coefficient_t1 = 0.06
t0_filament = ('', '', 0)
t1_filament = ('', '', 0)

