[Variables]
idex_applied_offset = 0
idex_xcontrolpoint = 164.33546607518858
idex_xoffset = -0.07117381227385522
idex_ycontrolpoint = 428.22568005626874
idex_yoffset = 0.037680056268754925
idex_zcontrolpoint = -0.9771874999760652
idex_zoffset = -0.05218749995528427
idex_zoffsetcontrolpoint = -4.784062499960617
nozzle_expansion_applied_offset = 0
nozzle_expansion_coefficient_multiplier = 1.0
nozzle_expansion_coefficient_t0 = 0.07031249997866507
nozzle_expansion_coefficient_t1 = 0.08218749998173625
t0_filament = ('', '', 0)
t1_filament = ('', '', 0)

