[Variables]
idex_applied_offset = 0
idex_xcontrolpoint = 164.63659575770038
idex_xoffset = -0.00786408563149621
idex_ycontrolpoint = 429.26636740987965
idex_yoffset = 0.6096913588521033
idex_zcontrolpoint = -1.2137500000116186
idex_zoffset = -0.09593750001492829
idex_zoffsetcontrolpoint = -5.034999999995224
nozzle_expansion_applied_offset = 0
nozzle_expansion_coefficient_multiplier = 1.0
nozzle_expansion_coefficient_t0 = 0.07031249997866507
nozzle_expansion_coefficient_t1 = 0.08218749998173625
t0_filament = ('', '', 0)
t1_filament = ('', '', 0)

