[Variables]
idex_applied_offset = 0
idex_xcontrolpoint = 164.29169111800437
idex_xoffset = -0.2622018997085718
idex_ycontrolpoint = 428.0051577163531
idex_yoffset = -0.13463906180373897
idex_zcontrolpoint = -1.5000000000000018
idex_zoffset = 0.0
idex_zoffsetcontrolpoint = 0.0
nozzle_expansion_applied_offset = 0
nozzle_expansion_coefficient_multiplier = 1.0
nozzle_expansion_coefficient_t0 = 0.06
nozzle_expansion_coefficient_t1 = 0.06

